
AVL TREE
Test 1
25 12 6 3 2 5 10 7 9 11 21 17 14 19 20 23 22 24 37 32 31 28 34 33 36 44 40 38 39 42 41 43 51 50 48 52 

# of rotations: 20
# of comparisons: 240
 Cost: 260
Test 2
47 15 8 3 2 1 5 4 13 12 9 14 30 18 17 23 22 26 38 33 31 35 44 43 42 45 46 63 56 49 48 54 50 61 59 58 60 62 81 74 68 64 65 69 77 75 78 89 85 84 83 87 86 88 94 91 96 95 

# of rotations: 39
# of comparisons: 388
 Cost: 427

SPLAY TREE
Test 1
24 20 17 9 5 2 3 7 6 11 10 14 12 19 22 21 23 48 28 25 31 36 34 33 32 42 38 37 41 39 40 44 43 52 51 50 

# of rotations: 255
# of comparisons: 278
 Cost: 533
Test 2
78 42 4 1 2 3 17 9 8 5 14 13 12 15 22 18 26 23 35 31 30 33 38 50 47 44 43 46 45 49 48 65 54 58 56 64 59 62 61 60 63 75 74 68 69 77 86 84 83 81 85 87 88 91 89 95 94 96 

# of rotations: 429
# of comparisons: 455
 Cost: 884

SPLAY TREE
Test 1
24 20 17 9 5 2 3 7 6 11 10 14 12 19 22 21 23 48 28 25 31 36 34 33 32 42 38 37 41 39 40 44 43 52 51 50 

# of rotations: 255
# of comparisons: 278
 Cost: 533
Test 2
78 42 4 1 2 3 17 9 8 5 14 13 12 15 22 18 26 23 35 31 30 33 38 50 47 44 43 46 45 49 48 65 54 58 56 64 59 62 61 60 63 75 74 68 69 77 86 84 83 81 85 87 88 91 89 95 94 96 

# of rotations: 429
# of comparisons: 455
 Cost: 884

SPLAY TREE
Test 1
24 20 17 9 5 2 3 7 6 11 10 14 12 19 22 21 23 48 28 25 31 36 34 33 32 42 38 37 41 39 40 44 43 52 51 50 

# of rotations: 255
# of comparisons: 278
 Cost: 533
Test 2
78 42 4 1 2 3 17 9 8 5 14 13 12 15 22 18 26 23 35 31 30 33 38 50 47 44 43 46 45 49 48 65 54 58 56 64 59 62 61 60 63 75 74 68 69 77 86 84 83 81 85 87 88 91 89 95 94 96 

# of rotations: 429
# of comparisons: 455
 Cost: 884
